150
88 197 910 1806 2110 2411 2631 5761 6382 6786 7721 7995 9961 10476 11309 11789 12209 12790 13211 13965 15108 16435 17396 18252 18483 19435 19559 20148 20496 21561 21932 22117 23052 23270 23394 23498 24166 25968 27538 28833 29383 29658 31958 33143 33591 34185 34416 35648 36394 37759 37763 37794 38096 38152 38822 39668 39847 40324 40399 40645 41011 41467 41739 43428 43613 43960 44431 44933 45403 46646 47881 48147 48697 48700 48918 49312 49667 49972 50152 51028 51113 51305 51586 55131 55163 55164 56986 58080 59031 59804 60740 62357 62865 64124 64495 65324 65372 65794 66238 67269 68106 70192 70516 71325 71531 72463 73436 74122 75910 75912 76117 76453 76556 76730 76820 78370 78677 79236 80330 81125 81310 81904 82435 82456 82772 83027 85019 85095 86355 86992 88339 88753 89937 91589 91759 91768 92544 93118 93844 93869 94183 94406 95171 95783 97571 98015 98120 98159 98495 99865 
753
0 49165
2 88034
2 61089
0 39997
1 26416
1 69077
0 34383
2 86816
0 44615
0 9839
0 16961
0 81753
0 1042
1 5462
1 76412
2 44820
1 5994
0 44336
0 83182
2 4139
0 13560
2 45776
2 270
2 50108
0 12329
0 40808
1 35487
1 83922
1 2967
0 14780
2 58239
2 45292
0 25895
2 60927
2 67738
0 93840
0 37750
2 86731
0 35910
1 29124
2 97831
1 83531
2 58678
1 2187
2 62956
0 47419
1 93704
2 96740
1 70557
0 37559
0 47135
2 34127
1 25681
2 20352
0 18458
1 28158
0 4987
1 24880
0 62508
0 68181
2 85048
2 61502
2 69373
1 27579
1 27059
0 92736
1 61167
2 23864
0 89149
2 73189
1 84407
2 79963
2 71398
0 14961
0 24192
0 51225
0 57426
0 19062
1 98300
2 31795
2 8945
2 29722
0 64516
1 95981
1 20808
2 19568
0 74774
0 27392
1 64919
2 30470
0 10507
1 60550
1 48631
2 28779
0 86146
0 49828
0 98787
0 41434
2 25627
0 81064
1 34407
0 84641
0 71946
2 2816
1 6456
2 28578
0 55257
2 89258
2 75944
1 21923
2 592
0 46862
0 73201
0 4104
0 21479
2 29855
2 3029
0 43244
1 83588
2 82581
2 36080
0 5643
2 92048
2 5761
0 77679
2 57791
2 87984
0 96869
1 8189
2 29131
1 10279
1 91865
2 70014
0 85995
0 29192
2 60669
2 82981
1 28324
0 32937
1 47865
2 42803
2 104
2 1844
0 84468
0 49579
2 70319
0 39357
1 78169
0 16555
0 54547
1 45002
0 51637
2 83927
1 14921
0 24607
2 12499
1 88918
1 53411
0 60933
0 81818
0 78971
1 82609
2 18204
1 60429
0 95736
1 89957
1 52064
2 36371
0 7003
2 31487
1 60679
0 5044
0 74094
2 98601
1 88303
2 26628
0 25363
2 16683
0 41541
1 86743
0 49895
1 10186
1 12508
2 93163
0 58740
1 77937
1 48830
2 68852
1 74056
2 7033
1 71290
0 26693
2 96201
2 50408
0 6646
0 12192
2 51412
2 9628
2 27728
2 4475
2 45312
0 35016
0 16792
2 75541
0 88947
0 59213
0 68024
2 51220
2 82949
0 83935
2 83460
0 67455
2 87365
1 23762
1 43154
1 59887
1 98818
2 55895
1 47655
1 11797
0 57476
2 64750
1 60505
2 31063
1 74028
2 6521
2 30524
2 24335
1 26302
0 82996
1 74974
2 1065
0 17727
2 1830
2 69753
1 81672
1 56607
1 88608
1 40147
0 50687
0 68678
2 74948
0 30512
0 44432
0 27608
2 3029
1 73701
2 34409
1 22203
2 93100
0 77656
1 70030
2 59642
0 53868
1 29032
0 40876
2 22930
1 15456
0 27007
0 30772
2 10293
0 60573
0 19040
2 86622
2 85176
2 51635
0 91169
1 90164
1 54486
1 7446
1 12264
1 8275
2 37880
1 63039
1 45206
0 9844
1 99600
1 13663
0 15396
2 49164
2 8716
0 15847
0 25891
0 61724
1 23593
1 15883
1 96106
0 12787
2 10424
2 31084
1 15330
0 19
0 28702
0 86746
2 85244
0 11713
2 18116
1 56139
1 90404
1 39114
2 24415
0 49348
2 99676
2 53045
2 58171
2 36725
0 46940
1 78708
2 31004
1 61756
1 59451
1 2907
0 7599
0 93706
0 65044
0 94927
2 95529
0 2859
0 72084
2 43029
2 76376
0 83114
0 64772
0 69034
1 39618
1 83260
0 42380
1 18498
1 814
0 64531
0 30652
0 1730
2 80552
0 51300
2 76442
1 31942
0 46119
2 53144
2 6004
1 87517
1 90198
2 79066
1 84766
0 23027
1 41717
0 12121
0 43748
1 11058
1 7176
1 11173
1 89794
2 92687
0 51965
1 35629
1 47698
0 65252
2 36271
2 75913
1 78863
2 56250
1 99289
2 30918
1 36039
2 64892
1 48203
1 9321
0 85174
0 65835
0 29447
1 63368
0 50112
0 97537
0 71674
2 72969
2 50558
1 13293
1 2102
1 96522
0 6931
0 65521
1 564
0 62036
1 4061
2 80843
1 19407
2 50368
1 66367
1 90024
0 89496
2 66566
1 33399
1 8317
0 13428
2 47756
1 80693
2 32608
0 92077
2 40237
2 97193
0 82677
0 82206
2 14707
1 11236
0 71619
0 14601
2 5645
1 62673
1 86367
1 65116
2 7648
0 29966
1 91353
1 38892
0 35780
1 64805
0 1437
2 48774
2 51152
1 55413
1 93309
0 18521
2 13893
2 34337
0 1787
2 9431
1 99562
2 51929
2 93144
2 56732
2 83454
0 58301
0 16026
1 21527
2 64396
2 25975
0 97807
1 90039
0 75609
0 85979
2 79570
1 7541
2 73397
0 87034
1 92690
2 42106
1 20035
2 48611
1 97524
1 17669
2 86012
1 79176
0 35372
0 32519
0 34869
1 92307
0 78290
0 40504
1 98792
0 95675
1 18722
1 68953
2 6912
2 82815
1 10393
1 42935
2 26908
2 90692
2 50315
2 37580
2 4539
2 83096
2 77145
1 68015
1 12090
0 63728
1 82065
2 88552
1 29586
0 34990
1 2623
1 11328
2 12224
0 14400
2 47592
2 66724
0 36357
1 89911
2 60059
1 67050
2 89078
1 38738
1 82298
1 30334
1 77139
1 38934
1 87810
0 86362
0 77762
0 96831
1 24741
0 44014
2 1421
1 95998
0 48964
1 64210
0 42496
1 33511
1 34962
2 1006
2 85432
2 63635
2 18430
2 47433
1 2818
0 41577
2 80581
2 97412
1 75987
0 70485
0 17569
0 81561
0 12968
0 52471
1 63078
0 88844
1 14724
0 10784
1 90581
2 19809
1 35937
0 40956
1 38915
0 21415
2 21802
1 6515
0 78808
0 43835
1 60918
0 67465
2 5968
2 17780
0 89181
2 73756
1 78958
1 7149
0 5205
2 88904
0 13881
1 18283
0 22344
1 27653
2 4538
0 85786
2 82040
2 56422
0 45000
1 72247
2 46802
0 73075
1 56304
2 44641
2 32108
0 91393
0 48175
0 99662
0 51690
2 41091
1 11114
1 33283
0 19462
0 28455
2 62005
2 16616
0 244
1 35683
0 13981
0 6013
0 87117
2 19603
0 55069
2 56863
1 14206
1 24812
0 20950
2 52879
0 7028
0 11547
1 59539
1 87787
0 89678
0 35789
0 4982
0 99704
1 61031
0 56672
1 93778
0 1267
2 79718
1 92674
0 64170
2 68033
1 37016
1 63290
2 87515
2 43342
1 55344
1 40104
1 11746
2 22460
1 43032
1 90541
1 65250
2 36709
2 66469
1 46595
2 62941
0 92251
1 22859
2 80076
0 6045
0 31978
2 50831
2 45481
1 56368
2 42127
0 50872
0 64568
1 18843
0 86585
2 96332
1 92299
2 82112
2 30761
0 91614
1 23632
2 25876
0 99287
1 10456
0 39520
1 45298
2 78816
2 26500
0 44945
2 50930
2 55359
1 55565
0 46213
2 47009
0 3909
2 79561
0 47634
1 97618
2 98802
0 75827
0 38987
2 82371
0 32940
0 66500
0 72875
2 32243
0 6917
0 25531
1 15658
2 41942
2 24931
0 57665
0 61842
1 75573
1 22817
1 6251
1 3025
1 7004
0 30660
0 4218
0 973
1 39141
1 42304
2 55545
1 77230
2 93157
0 60202
0 61181
0 57641
2 90359
2 3353
1 24869
1 2360
2 16405
2 18894
2 19683
2 60750
0 24058
1 40868
0 8872
2 49340
0 60605
2 43244
2 68606
2 2462
2 58471
2 88975
1 52284
2 49902
2 84371
1 90192
2 56087
1 35040
2 32993
1 310
1 92431
2 39962
2 17248
0 54287
0 57352
0 72784
1 95554
1 19539
1 29828
0 85756
1 26194
1 38619
2 9088
2 23446
2 32871
2 50392
1 48205
2 66964
1 63918
1 79335
1 34216
2 47605
1 89750
0 27108
2 40615
2 71686
2 79644
0 24025
2 8561
2 1155
1 73323
0 39867
2 36117
1 80156
0 82857
2 66558
1 24695
2 59713
0 9063
1 44537
0 56127
2 50967
1 63223
2 64998
